237 248 237 246 237 245 240 243 243 240 245 237 246 237 248 237
248 245 248 246 248 177 181  83  83 182 164 248 246 248 245 248
237 248 237 246 237 255 255 255 255 255 255 237 246 237 248 237
246 246 246 246 246 255 255 255 255 255 255 246 246 246 246 246
237 248 237 246 238 255 255 255 255 255 255 238 246 237 248 237
245 246 245 246 244 255 255 255 255 255 255 244 246 245 246 245
240 247 240 246 240 255 255 255 255 255 255 240 246 240 247 240
243 247 243 246 243 255 255 255 255 255 255 243 246 243 247 243
243 247 243 246 243 255 255 255 255 255 255 243 246 243 247 243
240 247 240 246 240 255 255 255 255 255 255 240 246 240 247 240
245 246 245 246 244 255 255 255 255 255 255 244 246 245 246 245
237 248 237 246 238 255 255 255 255 255 255 238 246 237 248 237
246 246 246 246 246 255 255 255 255 255 255 246 246 246 246 246
237 248 237 246 237 255 255 255 255 255 255 237 246 237 248 237
248 245 248 246 248 175 249 250 250 249 164 248 246 248 245 248
237 248 237 246 237 245 240 243 243 240 245 237 246 237 248 237
237 248 237 246 237 245 240 243 243 240 245 237 246 237 248 237
248 245 248 246 248 176 181  83  83 182 164 248 246 248 245 248
237 248 237 246 237 255 255 255 255 255 255 237 246 237 248 237
246 246 246 246 246 255 255 255 255 255 255 246 246 246 246 246
237 248 237 246 238 255 255 255 255 255 255 238 246 237 248 237
245 246 245 246 244 255 255 255 255 255 255 244 246 245 246 245
240 247 240 246 240 255 255 255 255 255 255 240 246 240 247 240
243 247 243 246 243 255 255 255 255 255 255 243 246 243 247 243
243 247 243 246 243 255 255 255 255 255 255 243 246 243 247 243
240 247 240 246 240 255 255 255 255 255 255 240 246 240 247 240
245 246 245 246 244 255 255 255 255 255 255 244 246 245 246 245
237 248 237 246 238 255 255 255 255 255 255 238 246 237 248 237
246 246 246 246 246 255 255 255 255 255 255 246 246 246 246 246
237 248 237 246 237 255 255 255 255 255 255 237 246 237 248 237
248 245 248 246 248 175 249 250 250 249 164 248 246 248 245 248
237 248 237 246 237 245 240 243 243 240 245 237 246 237 248 237
237 248 237 246 237 245 240 243 243 240 245 237 246 237 248 237
248 245 248 246 248 176 181  83  83 182 164 248 246 248 245 248
237 248 237 246 237 255 255 255 255 255 255 237 246 237 248 237
246 246 246 246 246 255 255 255 255 255 255 246 246 246 246 246
237 248 237 246 238 255 255 255 255 255 255 238 246 237 248 237
245 246 245 246 244 255 255 255 255 255 255 244 246 245 246 245
240 247 240 246 240 255 255 255 255 255 255 240 246 240 247 240
243 247 243 246 243 255 255 255 255 255 255 243 246 243 247 243
243 247 243 246 243 255 255 255 255 255 255 243 246 243 247 243
240 247 240 246 240 255 255 255 255 255 255 240 246 240 247 240
245 246 245 246 244 255 255 255 255 255 255 244 246 245 246 245
237 248 237 246 238 255 255 255 255 255 255 238 246 237 248 237
246 246 246 246 246 255 255 255 255 255 255 246 246 246 246 246
237 248 237 246 237 255 255 255 255 255 255 237 246 237 248 237
248 245 248 246 248 175 249 250 250 249 164 248 246 248 245 248
237 248 237 246 237 245 240 243 243 240 245 237 246 237 248 237

241 248 241 248 242 247 244 245 245 244 247 242 248 241 248 241
248 244 248 244 248 244 246 245 245 246 244 248 244 248 244 248
241 248 241 248 242 246 243 245 245 243 246 242 248 241 248 241
248 244 248 244 247 245 246 245 245 246 245 247 244 248 244 248
241 229 221 224 223 224 223 224 224 223 224 223 224 221 229 241
239 209 241 248 247 248 247 247 247 247 248 247 248 242 211 239
231 174 243 255 255 255 255 255 255 255 255 255 255 250 209 233
230 133 235 255 255 255 255 255 255 255 255 255 255 250 209 234
230 133 235 255 255 255 255 255 255 255 255 255 255 250 209 234
231 174 243 254 254 254 254 254 254 254 254 254 254 250 209 233
239 208 235 238 235 237 237 240 241 241 241 240 241 235 209 239
241 234 224 217 205 210 213 223 226 225 226 225 227 224 233 241
248 244 248 244 247 245 246 245 245 246 245 247 244 248 244 248
241 248 241 248 242 246 243 245 245 243 246 242 248 241 248 241
248 244 248 244 248 244 246 245 245 246 244 248 244 248 244 248
241 248 241 248 242 247 244 245 245 244 247 242 248 241 248 241
241 248 241 248 242 247 244 245 245 244 247 242 248 241 248 241
248 244 248 244 248 244 246 245 245 246 244 248 244 248 244 248
241 248 241 248 242 246 243 245 245 243 246 242 248 241 248 241
248 244 248 244 247 245 246 245 245 246 245 247 244 248 244 248
241 229 221 224 223 223 223 223 223 223 223 223 224 221 229 241
239 209 241 247 247 247 247 247 247 247 247 247 247 242 211 239
231 174 243 255 255 255 255 255 255 255 255 255 255 250 209 233
230 133 235 255 255 255 255 255 255 255 255 255 255 250 209 234
230 133 235 255 255 255 255 255 255 255 255 255 255 250 209 234
231 174 243 254 254 254 254 254 254 254 254 254 254 250 209 233
239 207 235 238 235 237 237 240 241 241 241 240 241 235 209 239
241 233 224 217 205 210 213 223 226 225 226 225 227 224 233 241
248 244 248 244 247 245 246 245 245 246 245 247 244 248 244 248
241 248 241 248 242 246 243 245 245 243 246 242 248 241 248 241
248 244 248 244 248 244 246 245 245 246 244 248 244 248 244 248
241 248 241 248 242 247 244 245 245 244 247 242 248 241 248 241
241 248 241 248 242 247 244 245 245 244 247 242 248 241 248 241
248 244 248 244 248 244 246 245 245 246 244 248 244 248 244 248
241 248 241 248 242 246 243 245 245 243 246 242 248 241 248 241
248 244 248 244 247 245 246 245 245 246 245 247 244 248 244 248
241 229 221 224 223 223 223 223 223 223 223 223 224 221 229 241
239 209 241 247 247 247 247 247 247 247 247 247 247 242 211 239
231 174 243 255 255 255 255 255 255 255 255 255 255 250 209 233
230 133 235 255 255 255 255 255 255 255 255 255 255 250 209 234
230 133 235 255 255 255 255 255 255 255 255 255 255 250 209 234
231 174 243 254 254 254 254 254 254 254 254 254 254 250 209 233
239 207 235 238 235 237 237 240 241 241 241 240 241 235 209 239
241 233 224 217 205 210 213 223 226 225 226 225 227 224 233 241
248 244 248 244 247 245 246 245 245 246 245 247 244 248 244 248
241 248 241 248 242 246 243 245 245 243 246 242 248 241 248 241
248 244 248 244 248 244 246 245 245 246 244 248 244 248 244 248
241 248 241 248 242 247 244 245 245 244 247 242 248 241 248 241

241 248 241 248 241 239 233 234 234 233 239 241 248 241 248 241
248 244 248 244 229 211 209 209 209 209 209 233 244 248 244 248
241 248 241 248 221 242 250 250 250 250 235 224 248 241 248 241
248 244 248 244 224 248 255 255 255 254 241 227 244 248 244 248
242 248 242 247 223 247 255 255 255 254 240 225 247 242 248 242
247 244 246 245 224 248 255 255 255 254 241 226 245 246 244 247
244 246 243 246 223 247 255 255 255 254 241 225 246 243 246 244
245 245 245 245 224 247 255 255 255 254 241 226 245 245 245 245
245 245 245 245 224 247 255 255 255 254 240 223 245 245 245 245
244 246 243 246 223 247 255 255 255 254 237 213 246 243 246 244
247 244 246 245 224 248 255 255 255 254 237 210 245 246 244 247
242 248 242 247 223 247 255 255 255 254 235 205 247 242 248 242
248 244 248 244 224 248 255 255 255 254 238 217 244 248 244 248
241 248 241 248 221 241 243 235 235 243 235 224 248 241 248 241
248 244 248 244 229 209 174 133 133 174 208 234 244 248 244 248
241 248 241 248 241 239 231 230 230 231 239 241 248 241 248 241
241 248 241 248 241 239 233 234 234 233 239 241 248 241 248 241
248 244 248 244 229 211 209 209 209 209 209 233 244 248 244 248
241 248 241 248 221 242 250 250 250 250 235 224 248 241 248 241
248 244 248 244 224 247 255 255 255 254 241 227 244 248 244 248
242 248 242 247 223 247 255 255 255 254 240 225 247 242 248 242
247 244 246 245 223 247 255 255 255 254 241 226 245 246 244 247
244 246 243 246 223 247 255 255 255 254 241 225 246 243 246 244
245 245 245 245 223 247 255 255 255 254 241 226 245 245 245 245
245 245 245 245 223 247 255 255 255 254 240 223 245 245 245 245
244 246 243 246 223 247 255 255 255 254 237 213 246 243 246 244
247 244 246 245 223 247 255 255 255 254 237 210 245 246 244 247
242 248 242 247 223 247 255 255 255 254 235 205 247 242 248 242
248 244 248 244 224 247 255 255 255 254 238 217 244 248 244 248
241 248 241 248 221 241 243 235 235 243 235 224 248 241 248 241
248 244 248 244 229 209 174 133 133 174 207 233 244 248 244 248
241 248 241 248 241 239 231 230 230 231 239 241 248 241 248 241
241 248 241 248 241 239 233 234 234 233 239 241 248 241 248 241
248 244 248 244 229 211 209 209 209 209 209 233 244 248 244 248
241 248 241 248 221 242 250 250 250 250 235 224 248 241 248 241
248 244 248 244 224 247 255 255 255 254 241 227 244 248 244 248
242 248 242 247 223 247 255 255 255 254 240 225 247 242 248 242
247 244 246 245 223 247 255 255 255 254 241 226 245 246 244 247
244 246 243 246 223 247 255 255 255 254 241 225 246 243 246 244
245 245 245 245 223 247 255 255 255 254 241 226 245 245 245 245
245 245 245 245 223 247 255 255 255 254 240 223 245 245 245 245
244 246 243 246 223 247 255 255 255 254 237 213 246 243 246 244
247 244 246 245 223 247 255 255 255 254 237 210 245 246 244 247
242 248 242 247 223 247 255 255 255 254 235 205 247 242 248 242
248 244 248 244 224 247 255 255 255 254 238 217 244 248 244 248
241 248 241 248 221 241 243 235 235 243 235 224 248 241 248 241
248 244 248 244 229 209 174 133 133 174 207 233 244 248 244 248
241 248 241 248 241 239 231 230 230 231 239 241 248 241 248 241

241 248 241 248 242 247 244 245 245 244 247 242 248 241 248 241
248 244 248 244 248 244 246 245 245 246 244 248 244 248 244 248
241 248 241 248 242 246 243 245 245 243 246 242 248 241 248 241
248 244 248 244 247 245 246 245 245 246 245 247 244 248 244 248
241 233 224 227 225 226 225 226 223 213 210 205 217 224 234 241
239 209 235 241 240 241 241 241 240 237 237 235 238 235 208 239
233 209 250 254 254 254 254 254 254 254 254 254 254 243 174 231
234 209 250 255 255 255 255 255 255 255 255 255 255 235 133 230
234 209 250 255 255 255 255 255 255 255 255 255 255 235 133 230
233 209 250 255 255 255 255 255 255 255 255 255 255 243 174 231
239 211 242 248 247 248 247 247 247 247 248 247 248 241 209 239
241 229 221 224 223 224 223 224 224 223 224 223 224 221 229 241
248 244 248 244 247 245 246 245 245 246 245 247 244 248 244 248
241 248 241 248 242 246 243 245 245 243 246 242 248 241 248 241
248 244 248 244 248 244 246 245 245 246 244 248 244 248 244 248
241 248 241 248 242 247 244 245 245 244 247 242 248 241 248 241
241 248 241 248 242 247 244 245 245 244 247 242 248 241 248 241
248 244 248 244 248 244 246 245 245 246 244 248 244 248 244 248
241 248 241 248 242 246 243 245 245 243 246 242 248 241 248 241
248 244 248 244 247 245 246 245 245 246 245 247 244 248 244 248
241 233 224 227 225 226 225 226 223 213 210 205 217 224 233 241
239 209 235 241 240 241 241 241 240 237 237 235 238 235 207 239
233 209 250 254 254 254 254 254 254 254 254 254 254 243 174 231
234 209 250 255 255 255 255 255 255 255 255 255 255 235 133 230
234 209 250 255 255 255 255 255 255 255 255 255 255 235 133 230
233 209 250 255 255 255 255 255 255 255 255 255 255 243 174 231
239 211 242 247 247 247 247 247 247 247 247 247 247 241 209 239
241 229 221 224 223 223 223 223 223 223 223 223 224 221 229 241
248 244 248 244 247 245 246 245 245 246 245 247 244 248 244 248
241 248 241 248 242 246 243 245 245 243 246 242 248 241 248 241
248 244 248 244 248 244 246 245 245 246 244 248 244 248 244 248
241 248 241 248 242 247 244 245 245 244 247 242 248 241 248 241
241 248 241 248 242 247 244 245 245 244 247 242 248 241 248 241
248 244 248 244 248 244 246 245 245 246 244 248 244 248 244 248
241 248 241 248 242 246 243 245 245 243 246 242 248 241 248 241
248 244 248 244 247 245 246 245 245 246 245 247 244 248 244 248
241 233 224 227 225 226 225 226 223 213 210 205 217 224 233 241
239 209 235 241 240 241 241 241 240 237 237 235 238 235 207 239
233 209 250 254 254 254 254 254 254 254 254 254 254 243 174 231
234 209 250 255 255 255 255 255 255 255 255 255 255 235 133 230
234 209 250 255 255 255 255 255 255 255 255 255 255 235 133 230
233 209 250 255 255 255 255 255 255 255 255 255 255 243 174 231
239 211 242 247 247 247 247 247 247 247 247 247 247 241 209 239
241 229 221 224 223 223 223 223 223 223 223 223 224 221 229 241
248 244 248 244 247 245 246 245 245 246 245 247 244 248 244 248
241 248 241 248 242 246 243 245 245 243 246 242 248 241 248 241
248 244 248 244 248 244 246 245 245 246 244 248 244 248 244 248
241 248 241 248 242 247 244 245 245 244 247 242 248 241 248 241
